 ============= FD002 =============
 R2: -2.6448106141214685
 MSE: 7135.457817818387
 PHM: 102379999.5063351
