 ============= FD001 =============
 R2: 0.8038438461368396
 MSE: 324.7077954595365
 PHM: 537.8779100859405
