 ============= FD002 - Condition 4 =============
 R2: -2.454640922451209
 MSE: 10099.687876136575
 PHM: 4174954522.7055917
