 ============= FD001 - Condition 5 =============
 R2: 0.5980530329800078
 MSE: 694.1099981590269
 PHM: 1901.6360079674744
