 ============= FD002 - Condition 5 =============
 R2: -2.4368858459203917
 MSE: 10027.103516829487
 PHM: 2937825109.63037
