 ============= Condition 5 =============
 R2: 0.5397156772909728
 MSE: 794.8510042428084
 PHM: 2293.702120361886
