 ============= Condition 3 =============
 R2: -2.256296983137248
 MSE: 9619.365263724383
 PHM: 2515555705.8918295
