 ============= FD001 =============
 R2: 0.7907593528472674
 MSE: 346.3672585306056
 PHM: 614.4781283180073
