 ============= FD002 =============
 R2: -1.9017231602062012
 MSE: 5680.713046767918
 PHM: 14112894.744134665
