 ============= Condition 3 =============
 R2: -2.29486224516049
 MSE: 9733.290174079271
 PHM: 2696642532.234448
