 ============= Condition 5 =============
 R2: 0.5658774075580992
 MSE: 749.673107561108
 PHM: 2366.315104682996
