 ============= Condition 5 =============
 R2: 0.6458306289473892
 MSE: 611.6043201218736
 PHM: 1922.3566670226617
