 ============= Condition 3 =============
 R2: -2.204137078471089
 MSE: 9465.280676936656
 PHM: 2287850356.2865
