 ============= Condition 5 =============
 R2: 0.8046282885071887
 MSE: 323.40926595778666
 PHM: 615.1804147501778
