 ============= Condition 3 =============
 R2: -2.927645898666328
 MSE: 7413.941289130271
 PHM: 20332423.232334718
