 ============= FD001 =============
 R2: -19.940338160484842
 MSE: 36161.23338306119
 PHM: 2665128078.8300066
