 ============= FD003 =============
 R2: -0.514228386731751
 MSE: 2594.7781293554003
 PHM: 1450735.1531920417
