 ============= FD001 =============
 R2: -0.04256076006604492
 MSE: 1800.3664827109467
 PHM: 38777.436850971026
