 ============= FD002 =============
 R2: 0.5706244435021679
 MSE: 1241.8222528626754
 PHM: 61162.86578757028
