 ============= FD002 =============
 R2: 0.4852058214351612
 MSE: 1488.8664641281375
 PHM: 104335.52299870703
