 ============= FD001 =============
 R2: -7.891919165064037
 MSE: 15355.184891806464
 PHM: 26532026645.420815
