 ============ CONDITION 4 ============ 
r2: 0.11016501834211512
mse: 2771.390869140625
phm: 134304400.0
 ============ CONDITION 5 ============ 
r2: 0.4935846371160305
mse: 1577.2305908203125
phm: 305439872.0
 ============ CONDITION 6 ============ 
r2: 0.4252092152022977
mse: 1790.1859130859375
phm: 764188352.0
