 ============= Condition 3 =============
 R2: -2.0659453938899324
 MSE: 9057.05123801281
 PHM: 1769262997.0322075
