 ============= Condition 5 =============
 R2: 0.6255009844971
 MSE: 646.7109651018866
 PHM: 1651.5505546112374
