 ============= FD001 =============
 R2: 0.2599144753538474
 MSE: 1278.0311939114915
 PHM: 5685.7090733778805
