 ============= FD002 =============
 R2: -0.7407282692783752
 MSE: 5034.462414694844
 PHM: 29851475.56709494
