 ============ CONDITION 4 ============ 
r2: 0.2804491673805706
mse: 2250.867919921875
phm: 772986880.0
 ============ CONDITION 5 ============ 
r2: 0.4766611455902502
mse: 1637.0863037109375
phm: 594586048.0
 ============ CONDITION 6 ============ 
r2: 0.44923914615871896
mse: 1722.8665771484375
phm: 139107584.0
