 ============= Condition 5 =============
 R2: -170.48940354181278
 MSE: 296139.8376984887
 PHM: 4.513027841486949e+44
