 ============= Condition 3 =============
 R2: 0.5511867198847855
 MSE: 1325.830813035682
 PHM: 87013.42181725484
