 ============= Condition 3 =============
 R2: 0.7139657944693035
 MSE: 539.9266790337922
 PHM: 3239.5282702691447
