 ============= Condition 5 =============
 R2: -50.039042493157034
 MSE: 84487.66273160047
 PHM: 2.02746294276727e+26
