 ============= Condition 5 =============
 R2: -169.48179381506912
 MSE: 294399.8270927108
 PHM: 1.349109166201061e+45
