 ============= Condition 3 =============
 R2: 0.5542163193681338
 MSE: 1316.8811305638333
 PHM: 93107.72643826077
