 ============= FD003 =============
 R2: -0.8998253079747334
 MSE: 3255.5360881647644
 PHM: 4462999.027144952
