 ============= FD001 =============
 R2: -15.796020772781272
 MSE: 29004.53767348448
 PHM: 6767226349.512982
