 ============= FD001 =============
 R2: 0.7886595421378528
 MSE: 349.8431877477535
 PHM: 700.402771981529
