 ============= FD003 =============
 R2: -0.9034805368397412
 MSE: 3055.705083150312
 PHM: 317030.01011133083
