 ============= FD003 =============
 R2: -1.0161917732947394
 MSE: 3454.94138385761
 PHM: 861646.9919276779
