 ============= FD001 =============
 R2: 0.47569786081959187
 MSE: 905.4014253656155
 PHM: 3126.72650538245
