 ============= FD002 =============
 R2: -2.923842431440684
 MSE: 11348.37503986893
 PHM: 35644474680.86183
