 ============= FD001 =============
 R2: 0.054285282160085546
 MSE: 1633.1259965103256
 PHM: 24211.827975153385
