 ============ CONDITION 4 ============ 
r2: 0.4455469864667666
mse: 1726.84375
phm: 651462784.0
 ============ CONDITION 5 ============ 
r2: 0.4999512070074179
mse: 1557.40185546875
phm: 700884736.0
 ============ CONDITION 6 ============ 
r2: 0.2808939647840708
mse: 2239.65576171875
phm: 336537280.0
