 ============= FD001 =============
 R2: 0.1506450096950872
 MSE: 1466.7253123658481
 PHM: 8390.976342060407
