 ============= FD002 =============
 R2: -0.6852458234253531
 MSE: 4873.998376020861
 PHM: 13960958.28128557
