 ============= FD001 =============
 R2: -9.23871094902222
 MSE: 17680.918681053616
 PHM: 21317016234.319977
