 ============= FD002 =============
 R2: 0.5638044939590531
 MSE: 1261.5466292922954
 PHM: 118317.64157569125
