 ============= FD003 =============
 R2: -1.3205154836179895
 MSE: 3725.1817507905985
 PHM: 701073.5995566393
