 ============= FD001 =============
 R2: 0.7885799272981968
 MSE: 349.9749784591918
 PHM: 707.8864662474347
