 ============= FD001 =============
 R2: 0.5279830773987786
 MSE: 815.111674325602
 PHM: 2702.35758199072
