 ============= FD003 =============
 R2: -0.8066053907014341
 MSE: 3095.7946616530403
 PHM: 714973.4916769308
