 ============= Condition 3 =============
 R2: -0.14723600627103894
 MSE: 3389.0281645580435
 PHM: 161691.04276301735
