 ============= Condition 5 =============
 R2: -0.6749763925870071
 MSE: 2892.4658130761673
 PHM: 37423.06328651353
