 ============= Condition 3 =============
 R2: -1.4768978457615916
 MSE: 7316.957029010819
 PHM: 529204116.5155545
