 ============= Condition 5 =============
 R2: -1.7248159643804404
 MSE: 4705.401854483264
 PHM: 1419035.8270274296
