 ============= Condition 3 =============
 R2: 0.590440100751767
 MSE: 1209.8731438332259
 PHM: 112554.1857172972
