 ============= Condition 5 =============
 R2: -157.15044239288628
 MSE: 273105.1911948265
 PHM: 7.396793878431995e+44
