 ============= FD001 =============
 R2: -0.9999169186266266
 MSE: 3453.5957293019947
 PHM: 143384.15057093886
