 ============= FD002 =============
 R2: 0.48498665056634327
 MSE: 1489.5003410639774
 PHM: 32117.276405489974
