 ============= FD001 =============
 R2: -17.344844752036124
 MSE: 31679.154719010712
 PHM: 3261220726.459361
