 ============= FD003 =============
 R2: -0.5182032859912786
 MSE: 2601.589507186769
 PHM: 1121590.2553376155
