 ============= FD001 =============
 R2: 0.8225652683428151
 MSE: 293.717221813755
 PHM: 513.7900046997772
