 ============= FD002 =============
 R2: -2.4138518869482866
 MSE: 6683.309152256378
 PHM: 25196426.4705042
