 ============= Condition 3 =============
 R2: -1.4859522741344575
 MSE: 7343.704544432128
 PHM: 562404114.188318
