 ============= Condition 5 =============
 R2: 0.23280572789158294
 MSE: 1324.844465798153
 PHM: 7655.713373404123
