 ============= Condition 3 =============
 R2: 0.5209703877404077
 MSE: 1415.0923077126051
 PHM: 66280.18555594665
