 ============= Condition 5 =============
 R2: -63.052777873413405
 MSE: 110610.79490515024
 PHM: 1.0954906025661067e+30
