 ============ CONDITION 4 ============ 
r2: 0.2225053529050366
mse: 2161.73193359375
phm: 644062080.0
 ============ CONDITION 5 ============ 
r2: 0.39275228087155634
mse: 1688.38037109375
phm: 483893568.0
 ============ CONDITION 6 ============ 
r2: -0.951736175378542
mse: 5426.57177734375
phm: 7208328192.0
