 ============= FD002 =============
 R2: 0.7968374154352084
 MSE: 397.73206506381166
 PHM: 2448.7986381387655
