 ============= FD001 =============
 R2: -5.571323020044663
 MSE: 10877.863217993807
 PHM: 105397479089.05934
