 ============= FD001 =============
 R2: 0.8058244011399833
 MSE: 321.42927660508445
 PHM: 628.7299356132878
