 ============= FD003 =============
 R2: -1.151851654481293
 MSE: 3687.4078306751726
 PHM: 810730.1705889103
