 ============= FD002 - Condition 3 =============
 R2: -0.7209177240828648
 MSE: 4896.9089033269875
 PHM: 466707.6856502236
