 ============ CONDITION 4 ============ 
r2: 0.34972140815687747
mse: 1768.242919921875
phm: 99917704.0
 ============ CONDITION 5 ============ 
r2: 0.5741485632687107
mse: 1157.978759765625
phm: 243680704.0
 ============ CONDITION 6 ============ 
r2: 0.42826955428146574
mse: 1554.6544189453125
phm: 1940306688.0
