 ============= FD001 =============
 R2: 0.04346295487424234
 MSE: 1651.8147445014986
 PHM: 33011.58860394559
