 ============= FD002 =============
 R2: -2.3917849687850565
 MSE: 9809.580418403919
 PHM: 5111689152.691122
