 ============= Condition 3 =============
 R2: -2.6094310041011597
 MSE: 6813.269383744392
 PHM: 13214242.150701046
