 ============= Condition 5 =============
 R2: 0.8233688954026307
 MSE: 292.3869348672319
 PHM: 716.5879982202273
