 ============= Condition 5 =============
 R2: -6.5952043558990425
 MSE: 12572.748873273162
 PHM: 7686715562.130449
