 ============= Condition 3 =============
 R2: 0.7059391207044247
 MSE: 555.0780673144977
 PHM: 8439.62344701036
