 ============= FD001 =============
 R2: -3.4710906028880713
 MSE: 7720.990440973081
 PHM: 1149318177467857.2
