 ============= FD002 =============
 R2: 0.40694377941265614
 MSE: 1715.2127101294777
 PHM: 84093.88355517111
