 ============= FD001 =============
 R2: 0.8049974805543492
 MSE: 322.79812257342815
 PHM: 622.610455571251
