 ============= FD003 =============
 R2: -1.194942237158927
 MSE: 3761.2477497341683
 PHM: 952411.7506367426
