 ============= FD001 =============
 R2: -24.550082112054294
 MSE: 42294.420404484685
 PHM: 9770351571.754183
