 ============= FD003 =============
 R2: -0.6262252545878395
 MSE: 2786.695693321111
 PHM: 2028361.4083159235
