 ============= FD002 =============
 R2: -1.7299324764017556
 MSE: 7895.397972020626
 PHM: 2006612831.3847272
