 ============= FD001 =============
 R2: 0.5652278266757113
 MSE: 750.7948490396451
 PHM: 2348.5982336657676
