 ============= Condition 3 =============
 R2: -2.9094715783442564
 MSE: 7379.634901203743
 PHM: 19929385.03680257
