 ============= Condition 5 =============
 R2: 0.8020102657102449
 MSE: 327.74301941958953
 PHM: 580.9630731504118
