 ============= FD003 =============
 R2: 0.7091627869035497
 MSE: 466.8882781977804
 PHM: 691.9854232208413
