 ============= FD001 =============
 R2: 0.379604651625417
 MSE: 1026.9736733551204
 PHM: 2577.6431724494873
