 ============= Condition 5 =============
 R2: -12.748586554700555
 MSE: 22758.772248235164
 PHM: 8399289951534.294
