 ============= Condition 3 =============
 R2: 0.7601270191234812
 MSE: 452.791377570736
 PHM: 2483.4390155922993
