 ============ CONDITION 4 ============ 
r2: -0.08878870432028041
mse: 3405.90185546875
phm: 148985760.0
 ============ CONDITION 5 ============ 
r2: 0.4123212808775705
mse: 1838.3514404296875
phm: 355314816.0
 ============ CONDITION 6 ============ 
r2: 0.2751689205981406
mse: 2267.3857421875
phm: 1834800256.0
