 ============= FD002 - Condition 1 =============
 R2: -2.378287088229743
 MSE: 9979.733923438667
 PHM: 3055582967.609233
