 ============= FD002 - Condition 6 =============
 R2: -2.5205868850881616
 MSE: 10008.197502630586
 PHM: 2661686618.377589
