 ============ CONDITION 4 ============ 
r2: 0.5460280949571579
mse: 1132.9566650390625
phm: 326923264.0
 ============ CONDITION 5 ============ 
r2: 0.6280037223885724
mse: 928.3738403320312
phm: 491289504.0
 ============ CONDITION 6 ============ 
r2: 0.3614430844922891
mse: 1593.61669921875
phm: 214944544.0
