 ============= FD003 =============
 R2: -0.9173744943568236
 MSE: 3285.6083318310666
 PHM: 4230097.243073428
