 ============= FD001 =============
 R2: -19.025094158002506
 MSE: 34580.72633859212
 PHM: 28990563220.009457
