 ============= FD003 =============
 R2: -0.27018284936917736
 MSE: 2176.582282240184
 PHM: 1885950.0222155424
