 ============= FD001 =============
 R2: -10.036343378243897
 MSE: 19058.325875050683
 PHM: 1173284059.5129092
