 ============= Condition 3 =============
 R2: 0.7025023196249192
 MSE: 561.5654753149302
 PHM: 3141.240569786897
