 ============= Condition 5 =============
 R2: -55.6835813673741
 MSE: 93831.37047737565
 PHM: 1.438314074360918e+27
