 ============= FD001 =============
 R2: 0.45188768725700923
 MSE: 946.5184902615631
 PHM: 3063.413170800295
