 ============= FD003 =============
 R2: -0.914992083795388
 MSE: 3281.525838810776
 PHM: 831685.3594387155
