 ============= FD002 =============
 R2: 0.4742574015146215
 MSE: 1520.5310320926158
 PHM: 39896.54614664221
