 ============= FD001 =============
 R2: -21.00983001360726
 MSE: 38008.106351665956
 PHM: 1077917278021.2548
