 ============ CONDITION 4 ============ 
r2: 0.5874285232146044
mse: 1011.765625
phm: 157271280.0
 ============ CONDITION 5 ============ 
r2: 0.5859011341324991
mse: 1015.5114135742188
phm: 307743424.0
 ============ CONDITION 6 ============ 
r2: 0.05464219725382746
mse: 2318.339111328125
phm: 433493312.0
