 ============= FD003 =============
 R2: -0.3304475007910783
 MSE: 2279.8516442815903
 PHM: 274828.33910916594
