 ============= FD001 =============
 R2: -6.1833118050651406
 MSE: 12404.642783488114
 PHM: 252339795.8472989
