 ============= FD002 =============
 R2: 0.7989507038494222
 MSE: 393.5948733320701
 PHM: 2044.6779147557418
