 ============= FD001 =============
 R2: -7.185340492161155
 MSE: 13549.63285092474
 PHM: 37436301419.60204
