 ============= FD001 =============
 R2: 0.7222389252417253
 MSE: 459.7927950409792
 PHM: 781.6388566837015
