 ============= FD003 =============
 R2: -0.08188383898336049
 MSE: 1736.7752820043474
 PHM: 22110.990066261445
