 ============= FD001 =============
 R2: 0.4355598482666615
 MSE: 974.7145390476893
 PHM: 3515.329608769046
