 ============= FD003 =============
 R2: -0.6025492637878525
 MSE: 2746.124572308631
 PHM: 435662.2020243741
