 ============= Condition 3 =============
 R2: -1.815599749111973
 MSE: 8317.509908775186
 PHM: 1084171835.9595776
