 ============= Condition 5 =============
 R2: 0.07347626449821154
 MSE: 1599.9856725164789
 PHM: 13118.367128117976
