 ============= FD003 =============
 R2: -0.22606293592308568
 MSE: 2100.9785044467535
 PHM: 138601.48619382255
