 ============= FD001 =============
 R2: 0.7540517857525765
 MSE: 407.1312618680438
 PHM: 916.7391790377819
