 ============= FD001 =============
 R2: 0.46938870246264175
 MSE: 916.2965191338186
 PHM: 2572.6444009594525
