 ============= FD003 =============
 R2: 0.11650018006977914
 MSE: 1513.9631710328586
 PHM: 53848.8309131469
