 ============= FD001 =============
 R2: 0.722238925241724
 MSE: 459.79279504098145
 PHM: 781.6388566837032
