 ============= FD003 =============
 R2: -0.08188383898335516
 MSE: 1736.7752820043388
 PHM: 22110.990066261074
