 ============ CONDITION 4 ============ 
r2: 0.2475335175035609
mse: 1877.895751953125
phm: 82920992.0
 ============ CONDITION 5 ============ 
r2: 0.6136259294801827
mse: 964.2560424804688
phm: 844776704.0
 ============ CONDITION 6 ============ 
r2: 0.0031929533130341525
mse: 2487.68505859375
phm: 3055229952.0
