 ============= Condition 5 =============
 R2: 0.8077586004934458
 MSE: 318.22749274221275
 PHM: 592.3179467432773
