 ============= Condition 3 =============
 R2: -3.077322671859836
 MSE: 7696.475620746048
 PHM: 24606524.67971547
