 ============= FD001 =============
 R2: 0.8163436549231469
 MSE: 304.01619198581125
 PHM: 575.4431910390641
