 ============= FD002 =============
 R2: -1.7569329584707898
 MSE: 5397.2567890096625
 PHM: 10053846.766159736
