 ============= FD001 =============
 R2: 0.6049319421340101
 MSE: 682.2310190598187
 PHM: 2012.9098682256072
