 ============= FD002 =============
 R2: -2.351383430877398
 MSE: 9692.732758903165
 PHM: 10106719333.774883
