 ============= FD002 - Condition 2 =============
 R2: -2.3002075426967883
 MSE: 9690.390143759274
 PHM: 2227021927.4305687
