 ============= FD001 =============
 R2: 0.5505550916872382
 MSE: 776.1327490400955
 PHM: 1994.0980885889853
