 ============= FD003 =============
 R2: 0.11455927864877424
 MSE: 1517.2890950497292
 PHM: 59512.72869953453
