 ============ CONDITION 4 ============ 
r2: 0.45736158332007204
mse: 1475.546875
phm: 175380480.0
 ============ CONDITION 5 ============ 
r2: 0.5794680265167069
mse: 1143.51416015625
phm: 443413920.0
 ============ CONDITION 6 ============ 
r2: 0.3164889369862659
mse: 1858.6090087890625
phm: 138870112.0
