 ============= Condition 3 =============
 R2: 0.7411843719288158
 MSE: 488.54808216817594
 PHM: 3402.7157675681474
