 ============= Condition 5 =============
 R2: -11.911495454813762
 MSE: 21373.0904825096
 PHM: 38860421814583.24
