 ============= Condition 3 =============
 R2: 0.5836085246375249
 MSE: 1230.054173484433
 PHM: 89426.0591381382
