 ============= Condition 5 =============
 R2: -92.27034105479595
 MSE: 161065.71654915903
 PHM: 7.12567894055868e+35
