 ============= FD001 =============
 R2: -24.782837556951304
 MSE: 44523.598378837465
 PHM: 11878474006.62804
