 ============= FD003 =============
 R2: -0.4236440876026111
 MSE: 2439.553091770024
 PHM: 1872086.6710175232
