 ============= FD003 =============
 R2: 0.6890070561118
 MSE: 499.24477874661915
 PHM: 815.6945631472346
