 ============= FD001 =============
 R2: -1.277461026517404
 MSE: 3770.00330910528
 PHM: 29189.341187243077
