 ============ CONDITION 4 ============ 
r2: 0.0167250024588933
mse: 2692.922119140625
phm: 109290888.0
 ============ CONDITION 5 ============ 
r2: 0.5329108316521596
mse: 1279.22998046875
phm: 489245888.0
 ============ CONDITION 6 ============ 
r2: 0.3369733650257811
mse: 1815.849365234375
phm: 590500864.0
