 ============= Condition 5 =============
 R2: 0.8177180107461213
 MSE: 301.74114712656944
 PHM: 571.1976265417444
