 ============= Condition 3 =============
 R2: -3.043520329731356
 MSE: 7632.669313751636
 PHM: 23595042.32697685
