 ============= FD001 =============
 R2: -10.02375729263989
 MSE: 18248.2163198977
 PHM: 4293332369.34024
