 ============= FD003 =============
 R2: -0.3104991985475314
 MSE: 2245.6682814329733
 PHM: 1417414.8091465023
