 ============= FD003 =============
 R2: 0.6831748026536011
 MSE: 508.6074416126277
 PHM: 898.0440444460273
