 ============= FD001 =============
 R2: -0.9448730123359539
 MSE: 3219.452542513166
 PHM: 39935.58882446215
