 ============= FD001 =============
 R2: -1.9333867042485555
 MSE: 4855.792241069982
 PHM: 697143.1337301102
