 ============= FD003 =============
 R2: 0.7333744903567276
 MSE: 428.02062293063716
 PHM: 762.8012892294712
