 ============= Condition 5 =============
 R2: 0.8247669016316626
 MSE: 290.0727402231816
 PHM: 613.9467561228239
