 ============= Condition 3 =============
 R2: -2.7047482025653635
 MSE: 6993.192964303918
 PHM: 15004008.057379626
