 ============= FD001 =============
 R2: 0.7604272352360126
 MSE: 396.5776386140197
 PHM: 879.0942178313853
