 ============= FD003 =============
 R2: -0.09572084639139633
 MSE: 1758.9881773053535
 PHM: 53814.34878497414
