 ============= FD003 =============
 R2: -0.011989666999780768
 MSE: 1734.1430645956236
 PHM: 22924.494565391273
