 ============= FD001 =============
 R2: 0.4088794578338909
 MSE: 1020.7880942021718
 PHM: 2864.3823328643352
