 ============= FD003 =============
 R2: -0.3460445383256956
 MSE: 2306.57869036802
 PHM: 839234.8798983534
