 ============= FD001 =============
 R2: -10.000027627110311
 MSE: 18995.613308416927
 PHM: 368995566.07734203
