 ============= FD002 =============
 R2: 0.789669279884131
 MSE: 411.7651477866695
 PHM: 2964.8865350542947
