 ============= FD001 =============
 R2: -9.538125008433799
 MSE: 17444.32316996092
 PHM: 355836061110.3007
