 ============= Condition 5 =============
 R2: 0.5832944099206785
 MSE: 719.5962156580417
 PHM: 2020.8839302694082
