 ============= Condition 3 =============
 R2: -2.2569394473127007
 MSE: 9621.263154980785
 PHM: 2518575965.6263175
