 ============= Condition 5 =============
 R2: -39.731183925947605
 MSE: 67424.51194407951
 PHM: 1.81676605103547e+24
