 ============= Condition 3 =============
 R2: 0.6976197496445125
 MSE: 570.7819597202827
 PHM: 3167.4676992995483
