 ============ CONDITION 4 ============ 
r2: 0.12085445586482169
mse: 2155.964111328125
phm: 61360224.0
 ============ CONDITION 5 ============ 
r2: 0.6091043675937657
mse: 958.6090698242188
phm: 309500608.0
 ============ CONDITION 6 ============ 
r2: 0.41346298796661907
mse: 1438.388427734375
phm: 167881952.0
