 ============= FD001 =============
 R2: -1.9830350452828887
 MSE: 4937.977801135193
 PHM: 2223878.8524337225
