 ============= FD003 =============
 R2: 0.7174475003961219
 MSE: 453.5886196818456
 PHM: 796.3628183985071
