 ============= FD003 =============
 R2: -0.4717758711873614
 MSE: 2522.031600604572
 PHM: 757384.5354652988
