 ============= FD001 =============
 R2: -7.668676415031278
 MSE: 14349.724710857123
 PHM: 2901253838.337619
