 ============ CONDITION 4 ============ 
r2: 0.40347190836478974
mse: 1658.57568359375
phm: 209638880.0
 ============ CONDITION 5 ============ 
r2: 0.48719578430693367
mse: 1425.7913818359375
phm: 184782960.0
 ============ CONDITION 6 ============ 
r2: -0.07774491046757714
mse: 2996.542236328125
phm: 613368960.0
