 ============ CONDITION 4 ============ 
r2: 0.4703708531509254
mse: 1450.510009765625
phm: 687546752.0
 ============ CONDITION 5 ============ 
r2: 0.5398980138513749
mse: 1260.093994140625
phm: 804007808.0
 ============ CONDITION 6 ============ 
r2: 0.26785863003727284
mse: 2005.135498046875
phm: 457553152.0
