 ============= FD001 =============
 R2: 0.40887945783389024
 MSE: 1020.7880942021729
 PHM: 2864.3823328643452
