 ============= FD003 =============
 R2: -0.01198966699979076
 MSE: 1734.1430645956407
 PHM: 22924.494565392146
