 ============= FD002 =============
 R2: 0.7958924602375672
 MSE: 399.5820069857246
 PHM: 2316.7237502504813
