 ============= FD001 =============
 R2: -6.178769957089798
 MSE: 11883.402692040443
 PHM: 694377718.1797516
